chinese.txt 1 0.0001 3.8797016908397173
chinese.txt 1 0.001 4.49313342142198
chinese.txt 1 0.01 6.198314539687548
chinese.txt 1 0.1 8.23753868499648
chinese.txt 1 0.2 8.715519562344163
chinese.txt 1 0.3 8.944747929977698
chinese.txt 1 0.4 9.083005217402924
chinese.txt 1 0.5 9.176239581191737
chinese.txt 1 0.6 9.2435325682688
chinese.txt 1 0.7 9.29440441854874
chinese.txt 1 0.8 9.334186399368939
chinese.txt 1 0.9 9.366113875146553
chinese.txt 1 1 9.392270844202624
chinese.txt 1 2 9.515329771476353
chinese.txt 1 3 9.556365872251138
chinese.txt 1 4 9.575865932156137
chinese.txt 1 5 9.586884182144704
chinese.txt 1 6 9.593800770978975
chinese.txt 1 7 9.598463850304428
chinese.txt 1 8 9.601774918216936
chinese.txt 1 9 9.604220608935947
chinese.txt 1 10 9.606084153633466
chinese.txt 2 0.0001 1.7612951626819404
chinese.txt 2 0.001 4.290127049156447
chinese.txt 2 0.01 7.927468475656275
chinese.txt 2 0.1 9.36201306864572
chinese.txt 2 0.2 9.495569349572303
chinese.txt 2 0.3 9.541801301030056
chinese.txt 2 0.4 9.564552423140029
chinese.txt 2 0.5 9.577778345211014
chinese.txt 2 0.6 9.586275456857454
chinese.txt 2 0.7 9.592115479934163
chinese.txt 2 0.8 9.596330427102734
chinese.txt 2 0.9 9.599487809207673
chinese.txt 2 1 9.60192337390779
chinese.txt 2 2 9.611483400911574
chinese.txt 2 3 9.613916678851712
chinese.txt 2 4 9.614917421767872
chinese.txt 2 5 9.615431509458308
chinese.txt 2 6 9.615732523862967
chinese.txt 2 7 9.61592476547195
chinese.txt 2 8 9.61605539838366
chinese.txt 2 9 9.616148405160782
chinese.txt 2 10 9.616217077557517
chinese.txt 3 0.0001 1.1983146756282377
chinese.txt 3 0.001 4.748446301172455
chinese.txt 3 0.01 8.676982467775986
chinese.txt 3 0.1 9.545388583410796
chinese.txt 3 0.2 9.588681906718879
chinese.txt 3 0.3 9.60097229497098
chinese.txt 3 0.4 9.606386351299758
chinese.txt 3 0.5 9.609309688785288
chinese.txt 3 0.6 9.611089348012435
chinese.txt 3 0.7 9.612262703643996
chinese.txt 3 0.8 9.613081764205962
chinese.txt 3 0.9 9.613678625213947
chinese.txt 3 1 9.614128426409932
chinese.txt 3 2 9.615785305277221
chinese.txt 3 3 9.616169401779473
chinese.txt 3 4 9.616320142804916
chinese.txt 3 5 9.616395273930422
chinese.txt 3 6 9.616438315344926
chinese.txt 3 7 9.616465344594644
chinese.txt 3 8 9.61648346444752
chinese.txt 3 9 9.616496221082873
chinese.txt 3 10 9.616505550700445
chinese.txt 4 0.0001 1.089185561000414
chinese.txt 4 0.001 4.992543311297565
chinese.txt 4 0.01 8.892390449666719
chinese.txt 4 0.1 9.57279827150164
chinese.txt 4 0.2 9.60027831122193
chinese.txt 4 0.3 9.607707707663666
chinese.txt 4 0.4 9.610893381403168
chinese.txt 4 0.5 9.612581326346291
chinese.txt 4 0.6 9.613593934543797
chinese.txt 4 0.7 9.614253537616932
chinese.txt 4 0.8 9.614709242275818
chinese.txt 4 0.9 9.615038332168073
chinese.txt 4 1 9.61528434893377
chinese.txt 4 2 9.616168638331533
chinese.txt 4 3 9.616364942777787
chinese.txt 4 4 9.616440003213244
chinese.txt 4 5 9.616476730882294
chinese.txt 4 6 9.616497477692398
chinese.txt 4 7 9.616510360891263
chinese.txt 4 8 9.616518918116185
chinese.txt 4 9 9.61652489588099
chinese.txt 4 10 9.61652923874601
chinese.txt 5 0.0001 1.0740167479498146
chinese.txt 5 0.001 5.08714842369874
chinese.txt 5 0.01 8.959643048893962
chinese.txt 5 0.1 9.580286337582335
chinese.txt 5 0.2 9.603374713449863
chinese.txt 5 0.3 9.609490284922561
chinese.txt 5 0.4 9.612080466284183
chinese.txt 5 0.5 9.613440292776414
chinese.txt 5 0.6 9.614249949488242
chinese.txt 5 0.7 9.61477397712945
chinese.txt 5 0.8 9.615133982033491
chinese.txt 5 0.9 9.615392655992999
chinese.txt 5 1 9.615585152373109
chinese.txt 5 2 9.61626730937323
chinese.txt 5 3 9.616414856900843
chinese.txt 5 4 9.61647039154724
chinese.txt 5 5 9.61649726593722
chinese.txt 5 6 9.61651232074786
chinese.txt 5 7 9.616521608223442
chinese.txt 5 8 9.61652774434895
chinese.txt 5 9 9.616532011913359
chinese.txt 5 10 9.61653510074435
english.txt 1 0.0001 3.4517850538506987
english.txt 1 0.001 3.4529344590488176
english.txt 1 0.01 3.461776708274378
english.txt 1 0.1 3.520760464393591
english.txt 1 0.2 3.5703512799169466
english.txt 1 0.3 3.6128605203638395
english.txt 1 0.4 3.6509309361098166
english.txt 1 0.5 3.685806977647549
english.txt 1 0.6 3.7182114464413383
english.txt 1 0.7 3.748613920943751
english.txt 1 0.8 3.7773422720688257
english.txt 1 0.9 3.804637421100484
english.txt 1 1 3.830683321144835
english.txt 1 2 4.0445633320389405
english.txt 1 3 4.206930445383805
english.txt 1 4 4.339026098966544
english.txt 1 5 4.450449837829713
english.txt 1 6 4.546640242426754
english.txt 1 7 4.63105986388632
english.txt 1 8 4.706079682663791
english.txt 1 9 4.773407182816924
english.txt 1 10 4.834318774542631
english.txt 2 0.0001 2.54751411772994
english.txt 2 0.001 2.5614945168179273
english.txt 2 0.01 2.654113304538804
english.txt 2 0.1 3.0883721182046346
english.txt 2 0.2 3.3667042404799323
english.txt 2 0.3 3.5718308572557445
english.txt 2 0.4 3.7361317743534714
english.txt 2 0.5 3.8735138823596404
english.txt 2 0.6 3.9915396803212455
english.txt 2 0.7 4.094870713867709
english.txt 2 0.8 4.186618537644337
english.txt 2 0.9 4.268978896775679
english.txt 2 1 4.343566567657933
english.txt 2 2 4.8401661760135966
english.txt 2 3 5.117380217558216
english.txt 2 4 5.298938106865464
english.txt 2 5 5.42817689957856
english.txt 2 6 5.525155999755611
english.txt 2 7 5.600668069863223
english.txt 2 8 5.66111025596007
english.txt 2 9 5.710542684571763
english.txt 2 10 5.751677703985888
english.txt 3 0.0001 1.7649257437214698
english.txt 3 0.001 1.834126230059652
english.txt 3 0.01 2.243271149440474
english.txt 3 0.1 3.5251494586676673
english.txt 3 0.2 4.069330965407575
english.txt 3 0.3 4.393710939448224
english.txt 3 0.4 4.6185830826065315
english.txt 3 0.5 4.786948691719641
english.txt 3 0.6 4.919187705424498
english.txt 3 0.7 5.026538779443586
english.txt 3 0.8 5.115831503521376
english.txt 3 0.9 5.19150932562826
english.txt 3 1 5.256614132314098
english.txt 3 2 5.61831946642907
english.txt 3 3 5.774504425868454
english.txt 3 4 5.861840915709053
english.txt 3 5 5.917400074525874
english.txt 3 6 5.955658327891325
english.txt 3 7 5.9834703303777195
english.txt 3 8 6.00450606351295
english.txt 3 9 6.020907291164765
english.txt 3 10 6.034006804324004
english.txt 4 0.0001 1.1820849130023552
english.txt 4 0.001 1.3589401613420937
english.txt 4 0.01 2.296992463983491
english.txt 4 0.1 4.295590292108487
english.txt 4 0.2 4.863699246157442
english.txt 4 0.3 5.148753676876592
english.txt 4 0.4 5.3259898807315
english.txt 4 0.5 5.4485338675275194
english.txt 4 0.6 5.538937586428345
english.txt 4 0.7 5.608640850678399
english.txt 4 0.8 5.6641420522996535
english.txt 4 0.9 5.709436426545251
english.txt 4 1 5.747128764895159
english.txt 4 2 5.935026566519165
english.txt 4 3 6.004551025790898
english.txt 4 4 6.040122436820823
english.txt 4 5 6.061404228305268
english.txt 4 6 6.075394532647685
english.txt 4 7 6.085194792764679
english.txt 4 8 6.092382996231366
english.txt 4 9 6.097842876769862
english.txt 4 10 6.102105766093809
english.txt 5 0.0001 0.7871509816689092
english.txt 5 0.001 1.083571287510134
english.txt 5 0.01 2.5390109522688467
english.txt 5 0.1 4.880952793931618
english.txt 5 0.2 5.365075988635715
english.txt 5 0.3 5.579468469724272
english.txt 5 0.4 5.7027730729456
english.txt 5 0.5 5.783260346275667
english.txt 5 0.6 5.8399674969427835
english.txt 5 0.7 5.882036428583696
english.txt 5 0.8 5.914436684608958
english.txt 5 0.9 5.940112724193502
english.txt 5 1 5.960923834460308
english.txt 5 2 6.055895954078087
english.txt 5 3 6.086358466496179
english.txt 5 4 6.100581645471677
english.txt 5 5 6.108533234877445
english.txt 5 6 6.1134867842358505
english.txt 5 7 6.116806020962995
english.txt 5 8 6.119150505891015
english.txt 5 9 6.120874072466458
english.txt 5 10 6.122181664695917
esperanto.txt 1 0.0001 3.442806109009139
esperanto.txt 1 0.001 3.4451393802417103
esperanto.txt 1 0.01 3.4625797723878136
esperanto.txt 1 0.1 3.569273666710475
esperanto.txt 1 0.2 3.650986091131324
esperanto.txt 1 0.3 3.717375988925135
esperanto.txt 1 0.4 3.7747369139602123
esperanto.txt 1 0.5 3.82588340747126
esperanto.txt 1 0.6 3.8723786797853017
esperanto.txt 1 0.7 3.9152032809907147
esperanto.txt 1 0.8 3.9550234087153235
esperanto.txt 1 0.9 3.9923181179507057
esperanto.txt 1 1 4.027446817948317
esperanto.txt 1 2 4.301464959620378
esperanto.txt 1 3 4.495217873266548
esperanto.txt 1 4 4.645255208387956
esperanto.txt 1 5 4.767002006208211
esperanto.txt 1 6 4.86874541588039
esperanto.txt 1 7 4.955543222222166
esperanto.txt 1 8 5.030741589732564
esperanto.txt 1 9 5.096681999003381
esperanto.txt 1 10 5.155072191238347
esperanto.txt 2 0.0001 2.560466530397629
esperanto.txt 2 0.001 2.5850290334561037
esperanto.txt 2 0.01 2.741779207109655
esperanto.txt 2 0.1 3.378958963035818
esperanto.txt 2 0.2 3.733445570371666
esperanto.txt 2 0.3 3.9768912677884853
esperanto.txt 2 0.4 4.162898339654388
esperanto.txt 2 0.5 4.312916017680108
esperanto.txt 2 0.6 4.438030974011109
esperanto.txt 2 0.7 4.544814833661485
esperanto.txt 2 0.8 4.637517837304422
esperanto.txt 2 0.9 4.719061407506723
esperanto.txt 2 1 4.791546220245727
esperanto.txt 2 2 5.24033548228748
esperanto.txt 2 3 5.463402670071718
esperanto.txt 2 4 5.597465675564722
esperanto.txt 2 5 5.686486856383601
esperanto.txt 2 6 5.749488190519038
esperanto.txt 2 7 5.796126217741233
esperanto.txt 2 8 5.831836662540623
esperanto.txt 2 9 5.859912517251046
esperanto.txt 2 10 5.882462322265283
esperanto.txt 3 0.0001 1.6278768178926875
esperanto.txt 3 0.001 1.7351784270057828
esperanto.txt 3 0.01 2.347416110843767
esperanto.txt 3 0.1 3.9974209796744535
esperanto.txt 3 0.2 4.576346012732614
esperanto.txt 3 0.3 4.887136367909985
esperanto.txt 3 0.4 5.087152916446381
esperanto.txt 3 0.5 5.228390607713948
esperanto.txt 3 0.6 5.3340668135570475
esperanto.txt 3 0.7 5.416368124127511
esperanto.txt 3 0.8 5.482390257412447
esperanto.txt 3 0.9 5.536577881475666
esperanto.txt 3 1 5.581871320966463
esperanto.txt 3 2 5.80995248197855
esperanto.txt 3 3 5.894911115947165
esperanto.txt 3 4 5.93828869292528
esperanto.txt 3 5 5.964128737995374
esperanto.txt 3 6 5.981032206697087
esperanto.txt 3 7 5.992814900377014
esperanto.txt 3 8 6.0014164596534085
esperanto.txt 3 9 6.007920996230124
esperanto.txt 3 10 6.012978644799203
esperanto.txt 4 0.0001 0.9770106463171826
esperanto.txt 4 0.001 1.2157933617621903
esperanto.txt 4 0.01 2.449880417587577
esperanto.txt 4 0.1 4.736170361889245
esperanto.txt 4 0.2 5.252184977688785
esperanto.txt 4 0.3 5.480372063871268
esperanto.txt 4 0.4 5.6103737111134695
esperanto.txt 4 0.5 5.69442272082472
esperanto.txt 4 0.6 5.753143921995574
esperanto.txt 4 0.7 5.796398997734213
esperanto.txt 4 0.8 5.829515638140483
esperanto.txt 4 0.9 5.8556294704960505
esperanto.txt 4 1 5.876707517466878
esperanto.txt 4 2 5.9718628124718816
esperanto.txt 4 3 6.002042463190399
esperanto.txt 4 4 6.016089212200535
esperanto.txt 4 5 6.023932897827785
esperanto.txt 4 6 6.0288166407880945
esperanto.txt 4 7 6.032088235907555
esperanto.txt 4 8 6.0343987547940205
esperanto.txt 4 9 6.036097243471127
esperanto.txt 4 10 6.037385790322495
esperanto.txt 5 0.0001 0.5967409704977333
esperanto.txt 5 0.001 0.9555400148693184
esperanto.txt 5 0.01 2.6911292194573373
esperanto.txt 5 0.1 5.183271886759742
esperanto.txt 5 0.2 5.587067847779347
esperanto.txt 5 0.3 5.743230492707932
esperanto.txt 5 0.4 5.825138543088356
esperanto.txt 5 0.5 5.875019618955211
esperanto.txt 5 0.6 5.908275610598766
esperanto.txt 5 0.7 5.931849022948927
esperanto.txt 5 0.8 5.949318512936827
esperanto.txt 5 0.9 5.962709864915853
esperanto.txt 5 1 5.973252313861522
esperanto.txt 5 2 6.0172626524553126
esperanto.txt 5 3 6.029594883505655
esperanto.txt 5 4 6.034935571130729
esperanto.txt 5 5 6.037773474562334
esperanto.txt 5 6 6.03947634261077
esperanto.txt 5 7 6.04058458128752
esperanto.txt 5 8 6.041349161344821
esperanto.txt 5 9 6.041900403036046
esperanto.txt 5 10 6.0423117785707605
example.txt 1 0.0001 3.3187162773401315
example.txt 1 0.001 3.318725213904481
example.txt 1 0.01 3.318801433574512
example.txt 1 0.1 3.3194288128359863
example.txt 1 0.2 3.320054901882567
example.txt 1 0.3 3.3206484403760994
example.txt 1 0.4 3.3212208414888664
example.txt 1 0.5 3.3217775153837845
example.txt 1 0.6 3.3223216362150696
example.txt 1 0.7 3.32285529261548
example.txt 1 0.8 3.3233799639909525
example.txt 1 0.9 3.3238967538847737
example.txt 1 1 3.3244065177279554
example.txt 1 2 3.3292244311746675
example.txt 1 3 3.333702087336332
example.txt 1 4 3.3379539153367768
example.txt 1 5 3.342035093000603
example.txt 1 6 3.345978458713651
example.txt 1 7 3.3498058893227243
example.txt 1 8 3.3535330492731927
example.txt 1 9 3.357171735993942
example.txt 1 10 3.3607311735339302
example.txt 2 0.0001 2.5476042154799043
example.txt 2 0.001 2.5477819245074365
example.txt 2 0.01 2.5491718358323325
example.txt 2 0.1 2.5588820310480176
example.txt 2 0.2 2.5675569588957172
example.txt 2 0.3 2.575322792352459
example.txt 2 0.4 2.58251864380099
example.txt 2 0.5 2.5893009661678477
example.txt 2 0.6 2.5957600831027072
example.txt 2 0.7 2.601954724537031
example.txt 2 0.8 2.6079260625771505
example.txt 2 0.9 2.613704512506028
example.txt 2 1 2.61931343017464
example.txt 2 2 2.668924868907382
example.txt 2 3 2.7110945646551787
example.txt 2 4 2.748643827635551
example.txt 2 5 2.78287073526712
example.txt 2 6 2.8145242264565353
example.txt 2 7 2.844091437129869
example.txt 2 8 2.8719140703959227
example.txt 2 9 2.8982446681658014
example.txt 2 10 2.92327717862896
example.txt 3 0.0001 1.997091086234582
example.txt 3 0.001 1.9985510409510718
example.txt 3 0.01 2.009315906206756
example.txt 3 0.1 2.074124423534708
example.txt 3 0.2 2.1251343077792937
example.txt 3 0.3 2.167634188236704
example.txt 3 0.4 2.2050181889368607
example.txt 3 0.5 2.238810089439672
example.txt 3 0.6 2.269870913941214
example.txt 3 0.7 2.29875073502803
example.txt 3 0.8 2.325829397020625
example.txt 3 0.9 2.351383766926544
example.txt 3 1 2.3756238643107133
example.txt 3 2 2.5706369586294744
example.txt 3 3 2.715851210845244
example.txt 3 4 2.8335472716288486
example.txt 3 5 2.933177284645904
example.txt 3 6 3.0198335767310587
example.txt 3 7 3.0966345871956933
example.txt 3 8 3.1656525618710547
example.txt 3 9 3.2283455414416573
example.txt 3 10 3.2857838755285913
example.txt 4 0.0001 1.6626435964998179
example.txt 4 0.001 1.669603510868995
example.txt 4 0.01 1.7167641372515279
example.txt 4 0.1 1.9409670937067736
example.txt 4 0.2 2.0866525385124004
example.txt 4 0.3 2.1968769223313966
example.txt 4 0.4 2.2876584011438266
example.txt 4 0.5 2.3656641661472726
example.txt 4 0.6 2.4344564587118365
example.txt 4 0.7 2.4962094619695763
example.txt 4 0.8 2.55236707641149
example.txt 4 0.9 2.603946301604625
example.txt 4 1 2.6516952986758593
example.txt 4 2 3.0017510991578873
example.txt 4 3 3.2317733251837715
example.txt 4 4 3.4034852240188163
example.txt 4 5 3.540146682724249
example.txt 4 6 3.653287348478703
example.txt 4 7 3.7495204817108436
example.txt 4 8 3.8330086983175966
example.txt 4 9 3.9065480253613454
example.txt 4 10 3.9721094261736103
example.txt 5 0.0001 1.4438333568126707
example.txt 5 0.001 1.465093226452214
example.txt 5 0.01 1.5982608601666568
example.txt 5 0.1 2.0929013900653506
example.txt 5 0.2 2.353876045012424
example.txt 5 0.3 2.533524870051931
example.txt 5 0.4 2.672702343320598
example.txt 5 0.5 2.7869830322674445
example.txt 5 0.6 2.8841919064835304
example.txt 5 0.7 2.968880363127354
example.txt 5 0.8 3.043953186036171
example.txt 5 0.9 3.1113880669239475
example.txt 5 1 3.1725974575582767
example.txt 5 2 3.590623304906777
example.txt 5 3 3.8407944994362815
example.txt 5 4 4.017025410847285
example.txt 5 5 4.151513758091811
example.txt 5 6 4.259261147363566
example.txt 5 7 4.3484811835597945
example.txt 5 8 4.42415430617083
example.txt 5 9 4.489523120457612
example.txt 5 10 4.54681299752938
french.txt 1 0.0001 3.244675877219859
french.txt 1 0.001 3.251422596989755
french.txt 1 0.01 3.2990837657199386
french.txt 1 0.1 3.5469768105267443
french.txt 1 0.2 3.7142829817827807
french.txt 1 0.3 3.8414428131157403
french.txt 1 0.4 3.945904187920524
french.txt 1 0.5 4.035179943105467
french.txt 1 0.6 4.113370909087436
french.txt 1 0.7 4.183018414908358
french.txt 1 0.8 4.245829960716278
french.txt 1 0.9 4.303019541246493
french.txt 1 1 4.355487284635782
french.txt 1 2 4.7221052087318505
french.txt 1 3 4.94025118131235
french.txt 1 4 5.088161769959436
french.txt 1 5 5.195630754838586
french.txt 1 6 5.277295929788978
french.txt 1 7 5.341379984891532
french.txt 1 8 5.392914326745905
french.txt 1 9 5.435169560627692
french.txt 1 10 5.470370840995574
french.txt 2 0.0001 2.060234554837605
french.txt 2 0.001 2.115121765688402
french.txt 2 0.01 2.4573919187339657
french.txt 2 0.1 3.6356246564085115
french.txt 2 0.2 4.146271277420962
french.txt 2 0.3 4.44662500026245
french.txt 2 0.4 4.651398119522639
french.txt 2 0.5 4.802120206932334
french.txt 2 0.6 4.918531270668246
french.txt 2 0.7 5.011506243064223
french.txt 2 0.8 5.087633291800663
french.txt 2 0.9 5.151180101957386
french.txt 2 1 5.205053064839768
french.txt 2 2 5.486892867233452
french.txt 2 3 5.595746042546842
french.txt 2 4 5.651591162875499
french.txt 2 5 5.684696927608431
french.txt 2 6 5.706171471779128
french.txt 2 7 5.720995051539695
french.txt 2 8 5.731707295463329
french.txt 2 9 5.7397265705296565
french.txt 2 10 5.745900899600725
french.txt 3 0.0001 1.1307414850853201
french.txt 3 0.001 1.3014380873054934
french.txt 3 0.01 2.2426300697887083
french.txt 3 0.1 4.319035687255173
french.txt 3 0.2 4.871149451144467
french.txt 3 0.3 5.128896956972901
french.txt 3 0.4 5.279560500309182
french.txt 3 0.5 5.378286807322213
french.txt 3 0.6 5.447742734764847
french.txt 3 0.7 5.499062554185239
french.txt 3 0.8 5.53837765326628
french.txt 3 0.9 5.56934751901261
french.txt 3 1 5.5942917759780935
french.txt 3 2 5.705086352312203
french.txt 3 3 5.738695643422408
french.txt 3 4 5.753750739672107
french.txt 3 5 5.761900055771786
french.txt 3 6 5.766846002632181
french.txt 3 7 5.770089022778605
french.txt 3 8 5.772337865987351
french.txt 3 9 5.773965034598879
french.txt 3 10 5.775182429121963
french.txt 4 0.0001 0.6176586714349536
french.txt 4 0.001 0.9049103475618597
french.txt 4 0.01 2.381309216720835
french.txt 4 0.1 4.8269409841477575
french.txt 4 0.2 5.2723588918391044
french.txt 4 0.3 5.449111222787428
french.txt 4 0.4 5.542363388584566
french.txt 4 0.5 5.599049626412959
french.txt 4 0.6 5.6366427616772885
french.txt 4 0.7 5.663105871005154
french.txt 4 0.8 5.682566240557643
french.txt 4 0.9 5.6973649680020095
french.txt 4 1 5.708922312067522
french.txt 4 2 5.755697769050382
french.txt 4 3 5.768017300176546
french.txt 4 4 5.773126079069058
french.txt 4 5 5.775752310775384
french.txt 4 6 5.777286623093156
french.txt 4 7 5.778263117909839
french.txt 4 8 5.778924046826281
french.txt 4 9 5.779392677794973
french.txt 4 10 5.779737283794359
french.txt 5 0.0001 0.36176042154576393
french.txt 5 0.001 0.7272131292581876
french.txt 5 0.01 2.53724985801388
french.txt 5 0.1 5.089726628208565
french.txt 5 0.2 5.44970450421711
french.txt 5 0.3 5.577631011253883
french.txt 5 0.4 5.6407425467617065
french.txt 5 0.5 5.677332876265321
french.txt 5 0.6 5.700740781733056
french.txt 5 0.7 5.716752592771041
french.txt 5 0.8 5.728252819495698
french.txt 5 0.9 5.736826196563024
french.txt 5 1 5.743408616519743
french.txt 5 2 5.768800812412681
french.txt 5 3 5.775034046271078
french.txt 5 4 5.777530101884361
french.txt 5 5 5.778785377112805
french.txt 5 6 5.77950754287341
french.txt 5 7 5.7799618909290835
french.txt 5 8 5.780266650281169
french.txt 5 9 5.780481171054506
french.txt 5 10 5.780637969947917
german.txt 1 0.0001 3.4104219265380715
german.txt 1 0.001 3.414373046510671
german.txt 1 0.01 3.4424210033899807
german.txt 1 0.1 3.5956208227569877
german.txt 1 0.2 3.7061345134283314
german.txt 1 0.3 3.793917061003763
german.txt 1 0.4 3.8686130284819913
german.txt 1 0.5 3.9344175885366726
german.txt 1 0.6 3.993636574963404
german.txt 1 0.7 4.047707607398185
german.txt 1 0.8 4.097602352444847
german.txt 1 0.9 4.144015834604914
german.txt 1 1 4.187466605994369
german.txt 1 2 4.518553253634523
german.txt 1 3 4.7453469032934015
german.txt 1 4 4.917270075169543
german.txt 1 5 5.0545477036897
german.txt 1 6 5.167814671012458
german.txt 1 7 5.263446149579891
german.txt 1 8 5.345592410165425
german.txt 1 9 5.4171148160648706
german.txt 1 10 5.480071768891294
german.txt 2 0.0001 2.442015586317711
german.txt 2 0.001 2.4795932646144365
german.txt 2 0.01 2.712224390155949
german.txt 2 0.1 3.573398660659129
german.txt 2 0.2 4.004316010335611
german.txt 2 0.3 4.283744748048073
german.txt 2 0.4 4.489406996494263
german.txt 2 0.5 4.650897732548279
german.txt 2 0.6 4.78289908444693
german.txt 2 0.7 4.893816746663249
german.txt 2 0.8 4.988927130268819
german.txt 2 0.9 5.071763841522473
german.txt 2 1 5.144810230101491
german.txt 2 2 5.588290933773126
german.txt 2 3 5.806733073142964
german.txt 2 4 5.939276792606022
german.txt 2 5 6.0285755177654625
german.txt 2 6 6.092771052802518
german.txt 2 7 6.141035016322797
german.txt 2 8 6.178542365933745
german.txt 2 9 6.2084464643394
german.txt 2 10 6.232782099877349
german.txt 3 0.0001 1.5725958783719185
german.txt 3 0.001 1.719393546695246
german.txt 3 0.01 2.5023754945962526
german.txt 3 0.1 4.333659296454062
german.txt 3 0.2 4.923022595149363
german.txt 3 0.3 5.234479700491337
german.txt 3 0.4 5.434568325881463
german.txt 3 0.5 5.576275516448536
german.txt 3 0.6 5.6828114712927595
german.txt 3 0.7 5.766232806185987
german.txt 3 0.8 5.833522368285497
german.txt 3 0.9 5.8890449594319545
german.txt 3 1 5.935688095423726
german.txt 3 2 6.174656469009515
german.txt 3 3 6.265715378674194
german.txt 3 4 6.312598915299631
german.txt 3 5 6.3405994013118905
german.txt 3 6 6.358914715390774
german.txt 3 7 6.371663911656894
german.txt 3 8 6.380951978104066
german.txt 3 9 6.387958880112828
german.txt 3 10 6.393393233514849
german.txt 4 0.0001 1.0010024649633495
german.txt 4 0.001 1.2966145719376032
german.txt 4 0.01 2.719806570772302
german.txt 4 0.1 5.074312869485627
german.txt 4 0.2 5.591375856652983
german.txt 4 0.3 5.823209102163585
german.txt 4 0.4 5.957133824404912
german.txt 4 0.5 6.044766824607832
german.txt 4 0.6 6.1066224678016745
german.txt 4 0.7 6.152586360354965
german.txt 4 0.8 6.188041626936321
german.txt 4 0.9 6.21618092891065
german.txt 4 1 6.239021692706784
german.txt 4 2 6.343820200921284
german.txt 4 3 6.3777426767125975
german.txt 4 4 6.3936660265000835
german.txt 4 5 6.402601318507496
german.txt 4 6 6.40818440465148
german.txt 4 7 6.411935378826349
german.txt 4 8 6.4145913023444905
german.txt 4 9 6.416548362890345
german.txt 4 10 6.41803641201515
german.txt 5 0.0001 0.6624454716151418
german.txt 5 0.001 1.1003008599990862
german.txt 5 0.01 3.0643651621921566
german.txt 5 0.1 5.574053552757389
german.txt 5 0.2 5.969352929456459
german.txt 5 0.3 6.123736703481943
german.txt 5 0.4 6.205356025668648
german.txt 5 0.5 6.255341842911101
german.txt 5 0.6 6.288800123039934
german.txt 5 0.7 6.3125835926073925
german.txt 5 0.8 6.330243820533728
german.txt 5 0.9 6.343800314863816
german.txt 5 1 6.354483055677863
german.txt 5 2 6.399117626607566
german.txt 5 3 6.411582842636337
german.txt 5 4 6.416951730320094
german.txt 5 5 6.419789047417676
german.txt 5 6 6.421482795041112
german.txt 5 7 6.42257981015045
german.txt 5 8 6.423333272016324
german.txt 5 9 6.423874243095542
german.txt 5 10 6.42427639084089
portuguese.txt 1 0.0001 3.4218901372146764
portuguese.txt 1 0.001 3.4241670845596612
portuguese.txt 1 0.01 3.440941831419874
portuguese.txt 1 0.1 3.542190872034652
portuguese.txt 1 0.2 3.620243479909063
portuguese.txt 1 0.3 3.6840113252118423
portuguese.txt 1 0.4 3.739288765255312
portuguese.txt 1 0.5 3.7886929018003066
portuguese.txt 1 0.6 3.833693980603314
portuguese.txt 1 0.7 3.875222047658174
portuguese.txt 1 0.8 3.9139121047423058
portuguese.txt 1 0.9 3.9502216730708617
portuguese.txt 1 1 3.984493927420145
portuguese.txt 1 2 4.254875496472712
portuguese.txt 1 3 4.450110748097925
portuguese.txt 1 4 4.60397829102339
portuguese.txt 1 5 4.730694418848084
portuguese.txt 1 6 4.83796145083324
portuguese.txt 1 7 4.930531091698595
portuguese.txt 1 8 5.011579752103975
portuguese.txt 1 9 5.083350869822562
portuguese.txt 1 10 5.14749413495466
portuguese.txt 2 0.0001 2.6583717894717838
portuguese.txt 2 0.001 2.6813263409162245
portuguese.txt 2 0.01 2.826790874531938
portuguese.txt 2 0.1 3.4193090109173068
portuguese.txt 2 0.2 3.755962661911479
portuguese.txt 2 0.3 3.991419241442909
portuguese.txt 2 0.4 4.17396839128099
portuguese.txt 2 0.5 4.323013886370865
portuguese.txt 2 0.6 4.44865122441957
portuguese.txt 2 0.7 4.5569052898410725
portuguese.txt 2 0.8 4.6516984176792775
portuguese.txt 2 0.9 4.735743610455986
portuguese.txt 2 1 4.811003360759047
portuguese.txt 2 2 5.290709030481083
portuguese.txt 2 3 5.540745065975716
portuguese.txt 2 4 5.696473128638533
portuguese.txt 2 5 5.802942669190036
portuguese.txt 2 6 5.8801837958450855
portuguese.txt 2 7 5.938607130706395
portuguese.txt 2 8 5.98419782466038
portuguese.txt 2 9 6.020652056169836
portuguese.txt 2 10 6.050378699155927
portuguese.txt 3 0.0001 1.7992852161272788
portuguese.txt 3 0.001 1.9025363957059105
portuguese.txt 3 0.01 2.4832234091841694
portuguese.txt 3 0.1 4.0557782071765525
portuguese.txt 3 0.2 4.633172519132935
portuguese.txt 3 0.3 4.954136837704531
portuguese.txt 3 0.4 5.16631172388608
portuguese.txt 3 0.5 5.319423234925583
portuguese.txt 3 0.6 5.436077754484626
portuguese.txt 3 0.7 5.528339054440965
portuguese.txt 3 0.8 5.603339551377693
portuguese.txt 3 0.9 5.665610760085156
portuguese.txt 3 1 5.718190345457204
portuguese.txt 3 2 5.991307483220345
portuguese.txt 3 3 6.096971051143748
portuguese.txt 3 4 6.1517019685580765
portuguese.txt 3 5 6.184492280540455
portuguese.txt 3 6 6.205981710252554
portuguese.txt 3 7 6.220959674682674
portuguese.txt 3 8 6.231881735473731
portuguese.txt 3 9 6.240127403359866
portuguese.txt 3 10 6.246526417193792
portuguese.txt 4 0.0001 1.0978564496707648
portuguese.txt 4 0.001 1.3474518427874342
portuguese.txt 4 0.01 2.5984193792635693
portuguese.txt 4 0.1 4.856884223963319
portuguese.txt 4 0.2 5.388254628129927
portuguese.txt 4 0.3 5.632048689594024
portuguese.txt 4 0.4 5.7746826560437166
portuguese.txt 4 0.5 5.868774913406881
portuguese.txt 4 0.6 5.935561536266515
portuguese.txt 4 0.7 5.985390002916196
portuguese.txt 4 0.8 6.023942522410553
portuguese.txt 4 0.9 6.054611316328748
portuguese.txt 4 1 6.07955112975283
portuguese.txt 4 2 6.194490591176989
portuguese.txt 4 3 6.231867852870304
portuguese.txt 4 4 6.249439484352223
portuguese.txt 4 5 6.259305545709827
portuguese.txt 4 6 6.26547127263926
portuguese.txt 4 7 6.269613476703715
portuguese.txt 4 8 6.272545887704962
portuguese.txt 4 9 6.274706132299007
portuguese.txt 4 10 6.2763481829142345
portuguese.txt 5 0.0001 0.6516697501722156
portuguese.txt 5 0.001 1.04863409591441
portuguese.txt 5 0.01 2.8870963270735577
portuguese.txt 5 0.1 5.369004938625846
portuguese.txt 5 0.2 5.776726297239673
portuguese.txt 5 0.3 5.939986397425581
portuguese.txt 5 0.4 6.028119457479461
portuguese.txt 5 0.5 6.0830646526015375
portuguese.txt 5 0.6 6.120413012462071
portuguese.txt 5 0.7 6.147321649378649
portuguese.txt 5 0.8 6.1675420497483975
portuguese.txt 5 0.9 6.183230195807713
portuguese.txt 5 1 6.195712293141712
portuguese.txt 5 2 6.249515452937186
portuguese.txt 5 3 6.2653422678319926
portuguese.txt 5 4 6.272380166253116
portuguese.txt 5 5 6.276186425739239
portuguese.txt 5 6 6.278499976053907
portuguese.txt 5 7 6.280020715214765
portuguese.txt 5 8 6.281078283316133
portuguese.txt 5 9 6.281845780425679
portuguese.txt 5 10 6.282421703168646
